{
 "cells": [
  {
   "cell_type": "code",
   "execution_count": 1,
   "metadata": {},
   "outputs": [
    {
     "name": "stderr",
     "output_type": "stream",
     "text": [
      "/home/tsou/.conda/envs/pyg/lib/python3.10/site-packages/tqdm/auto.py:21: TqdmWarning: IProgress not found. Please update jupyter and ipywidgets. See https://ipywidgets.readthedocs.io/en/stable/user_install.html\n",
      "  from .autonotebook import tqdm as notebook_tqdm\n"
     ]
    },
    {
     "name": "stdout",
     "output_type": "stream",
     "text": [
      "cuda\n"
     ]
    }
   ],
   "source": [
    "import torch\n",
    "from torch_geometric.data import Data\n",
    "from torch_geometric import seed_everything\n",
    "import pandas as pd\n",
    "from sklearn.preprocessing import KBinsDiscretizer\n",
    "import torch_geometric\n",
    "from tqdm import tqdm, trange\n",
    "from torcheval.metrics import MulticlassAccuracy\n",
    "from torcheval.metrics import BinaryAUROC\n",
    "import numpy as np\n",
    "\n",
    "DEVICE = torch.device('cuda' if torch.cuda.is_available() else 'cpu')\n",
    "# DEVICE = torch.device('cuda')\n",
    "print(DEVICE)"
   ]
  },
  {
   "cell_type": "code",
   "execution_count": 2,
   "metadata": {},
   "outputs": [
    {
     "name": "stdout",
     "output_type": "stream",
     "text": [
      "torch.Size([16644, 17]) torch.Size([16644])\n",
      "[2, 3, 6, 13, 10, 3, 1, 10, 3]\n"
     ]
    },
    {
     "data": {
      "text/html": [
       "<div>\n",
       "<style scoped>\n",
       "    .dataframe tbody tr th:only-of-type {\n",
       "        vertical-align: middle;\n",
       "    }\n",
       "\n",
       "    .dataframe tbody tr th {\n",
       "        vertical-align: top;\n",
       "    }\n",
       "\n",
       "    .dataframe thead th {\n",
       "        text-align: right;\n",
       "    }\n",
       "</style>\n",
       "<table border=\"1\" class=\"dataframe\">\n",
       "  <thead>\n",
       "    <tr style=\"text-align: right;\">\n",
       "      <th></th>\n",
       "      <th>age</th>\n",
       "      <th>juv_fel_count</th>\n",
       "      <th>juv_misd_count</th>\n",
       "      <th>juv_other_count</th>\n",
       "      <th>priors_count</th>\n",
       "      <th>days_b_screening_arrest</th>\n",
       "      <th>c_days_from_compas</th>\n",
       "      <th>end</th>\n",
       "      <th>sex</th>\n",
       "      <th>age_cat</th>\n",
       "      <th>race</th>\n",
       "      <th>c_charge_degree</th>\n",
       "      <th>decile_score.1</th>\n",
       "      <th>score_text</th>\n",
       "      <th>v_type_of_assessment</th>\n",
       "      <th>v_decile_score</th>\n",
       "      <th>v_score_text</th>\n",
       "      <th>is_recid</th>\n",
       "    </tr>\n",
       "  </thead>\n",
       "  <tbody>\n",
       "    <tr>\n",
       "      <th>0</th>\n",
       "      <td>-0.763142</td>\n",
       "      <td>-0.17116</td>\n",
       "      <td>-0.195994</td>\n",
       "      <td>-0.249708</td>\n",
       "      <td>-0.769173</td>\n",
       "      <td>-0.067721</td>\n",
       "      <td>-0.155864</td>\n",
       "      <td>0.360236</td>\n",
       "      <td>1.0</td>\n",
       "      <td>0.0</td>\n",
       "      <td>0.0</td>\n",
       "      <td>3.0</td>\n",
       "      <td>3.0</td>\n",
       "      <td>1.0</td>\n",
       "      <td>0.0</td>\n",
       "      <td>3.0</td>\n",
       "      <td>1.0</td>\n",
       "      <td>0</td>\n",
       "    </tr>\n",
       "    <tr>\n",
       "      <th>1</th>\n",
       "      <td>0.277735</td>\n",
       "      <td>-0.17116</td>\n",
       "      <td>-0.195994</td>\n",
       "      <td>-0.249708</td>\n",
       "      <td>-0.399623</td>\n",
       "      <td>-0.067721</td>\n",
       "      <td>-0.155864</td>\n",
       "      <td>-1.493342</td>\n",
       "      <td>0.0</td>\n",
       "      <td>0.0</td>\n",
       "      <td>2.0</td>\n",
       "      <td>2.0</td>\n",
       "      <td>4.0</td>\n",
       "      <td>2.0</td>\n",
       "      <td>0.0</td>\n",
       "      <td>1.0</td>\n",
       "      <td>1.0</td>\n",
       "      <td>0</td>\n",
       "    </tr>\n",
       "    <tr>\n",
       "      <th>2</th>\n",
       "      <td>-0.069224</td>\n",
       "      <td>-0.17116</td>\n",
       "      <td>-0.195994</td>\n",
       "      <td>-0.249708</td>\n",
       "      <td>-0.030074</td>\n",
       "      <td>-0.744908</td>\n",
       "      <td>0.051069</td>\n",
       "      <td>1.034535</td>\n",
       "      <td>1.0</td>\n",
       "      <td>0.0</td>\n",
       "      <td>2.0</td>\n",
       "      <td>6.0</td>\n",
       "      <td>5.0</td>\n",
       "      <td>2.0</td>\n",
       "      <td>0.0</td>\n",
       "      <td>4.0</td>\n",
       "      <td>2.0</td>\n",
       "      <td>0</td>\n",
       "    </tr>\n",
       "    <tr>\n",
       "      <th>3</th>\n",
       "      <td>0.884913</td>\n",
       "      <td>-0.17116</td>\n",
       "      <td>-0.195994</td>\n",
       "      <td>-0.249708</td>\n",
       "      <td>-0.030074</td>\n",
       "      <td>-0.190846</td>\n",
       "      <td>-0.118240</td>\n",
       "      <td>0.366177</td>\n",
       "      <td>0.0</td>\n",
       "      <td>0.0</td>\n",
       "      <td>2.0</td>\n",
       "      <td>2.0</td>\n",
       "      <td>3.0</td>\n",
       "      <td>1.0</td>\n",
       "      <td>0.0</td>\n",
       "      <td>1.0</td>\n",
       "      <td>1.0</td>\n",
       "      <td>0</td>\n",
       "    </tr>\n",
       "    <tr>\n",
       "      <th>4</th>\n",
       "      <td>-0.849881</td>\n",
       "      <td>-0.17116</td>\n",
       "      <td>-0.195994</td>\n",
       "      <td>7.344876</td>\n",
       "      <td>-0.584398</td>\n",
       "      <td>-0.350908</td>\n",
       "      <td>-0.069329</td>\n",
       "      <td>1.287026</td>\n",
       "      <td>0.0</td>\n",
       "      <td>2.0</td>\n",
       "      <td>2.0</td>\n",
       "      <td>7.0</td>\n",
       "      <td>3.0</td>\n",
       "      <td>1.0</td>\n",
       "      <td>0.0</td>\n",
       "      <td>3.0</td>\n",
       "      <td>1.0</td>\n",
       "      <td>0</td>\n",
       "    </tr>\n",
       "    <tr>\n",
       "      <th>...</th>\n",
       "      <td>...</td>\n",
       "      <td>...</td>\n",
       "      <td>...</td>\n",
       "      <td>...</td>\n",
       "      <td>...</td>\n",
       "      <td>...</td>\n",
       "      <td>...</td>\n",
       "      <td>...</td>\n",
       "      <td>...</td>\n",
       "      <td>...</td>\n",
       "      <td>...</td>\n",
       "      <td>...</td>\n",
       "      <td>...</td>\n",
       "      <td>...</td>\n",
       "      <td>...</td>\n",
       "      <td>...</td>\n",
       "      <td>...</td>\n",
       "      <td>...</td>\n",
       "    </tr>\n",
       "    <tr>\n",
       "      <th>16639</th>\n",
       "      <td>-1.110101</td>\n",
       "      <td>-0.17116</td>\n",
       "      <td>-0.195994</td>\n",
       "      <td>-0.249708</td>\n",
       "      <td>-0.769173</td>\n",
       "      <td>-0.067721</td>\n",
       "      <td>-0.155864</td>\n",
       "      <td>1.319701</td>\n",
       "      <td>1.0</td>\n",
       "      <td>2.0</td>\n",
       "      <td>2.0</td>\n",
       "      <td>7.0</td>\n",
       "      <td>5.0</td>\n",
       "      <td>2.0</td>\n",
       "      <td>0.0</td>\n",
       "      <td>6.0</td>\n",
       "      <td>2.0</td>\n",
       "      <td>1</td>\n",
       "    </tr>\n",
       "    <tr>\n",
       "      <th>16640</th>\n",
       "      <td>-0.329443</td>\n",
       "      <td>-0.17116</td>\n",
       "      <td>-0.195994</td>\n",
       "      <td>-0.249708</td>\n",
       "      <td>-0.769173</td>\n",
       "      <td>-0.067721</td>\n",
       "      <td>-0.155864</td>\n",
       "      <td>-0.245741</td>\n",
       "      <td>1.0</td>\n",
       "      <td>0.0</td>\n",
       "      <td>0.0</td>\n",
       "      <td>7.0</td>\n",
       "      <td>1.0</td>\n",
       "      <td>1.0</td>\n",
       "      <td>0.0</td>\n",
       "      <td>1.0</td>\n",
       "      <td>1.0</td>\n",
       "      <td>1</td>\n",
       "    </tr>\n",
       "    <tr>\n",
       "      <th>16641</th>\n",
       "      <td>-0.329443</td>\n",
       "      <td>-0.17116</td>\n",
       "      <td>-0.195994</td>\n",
       "      <td>-0.249708</td>\n",
       "      <td>-0.769173</td>\n",
       "      <td>-0.067721</td>\n",
       "      <td>-0.155864</td>\n",
       "      <td>0.235476</td>\n",
       "      <td>1.0</td>\n",
       "      <td>0.0</td>\n",
       "      <td>0.0</td>\n",
       "      <td>7.0</td>\n",
       "      <td>1.0</td>\n",
       "      <td>1.0</td>\n",
       "      <td>0.0</td>\n",
       "      <td>1.0</td>\n",
       "      <td>1.0</td>\n",
       "      <td>1</td>\n",
       "    </tr>\n",
       "    <tr>\n",
       "      <th>16642</th>\n",
       "      <td>-0.936621</td>\n",
       "      <td>-0.17116</td>\n",
       "      <td>-0.195994</td>\n",
       "      <td>-0.249708</td>\n",
       "      <td>-0.399623</td>\n",
       "      <td>-0.080033</td>\n",
       "      <td>-0.152102</td>\n",
       "      <td>-1.053711</td>\n",
       "      <td>0.0</td>\n",
       "      <td>2.0</td>\n",
       "      <td>3.0</td>\n",
       "      <td>3.0</td>\n",
       "      <td>3.0</td>\n",
       "      <td>1.0</td>\n",
       "      <td>0.0</td>\n",
       "      <td>3.0</td>\n",
       "      <td>1.0</td>\n",
       "      <td>1</td>\n",
       "    </tr>\n",
       "    <tr>\n",
       "      <th>16643</th>\n",
       "      <td>-0.936621</td>\n",
       "      <td>-0.17116</td>\n",
       "      <td>-0.195994</td>\n",
       "      <td>-0.249708</td>\n",
       "      <td>-0.399623</td>\n",
       "      <td>-0.080033</td>\n",
       "      <td>-0.152102</td>\n",
       "      <td>0.083982</td>\n",
       "      <td>0.0</td>\n",
       "      <td>2.0</td>\n",
       "      <td>3.0</td>\n",
       "      <td>3.0</td>\n",
       "      <td>3.0</td>\n",
       "      <td>1.0</td>\n",
       "      <td>0.0</td>\n",
       "      <td>3.0</td>\n",
       "      <td>1.0</td>\n",
       "      <td>1</td>\n",
       "    </tr>\n",
       "  </tbody>\n",
       "</table>\n",
       "<p>16644 rows × 18 columns</p>\n",
       "</div>"
      ],
      "text/plain": [
       "            age  juv_fel_count  juv_misd_count  juv_other_count  priors_count  \\\n",
       "0     -0.763142       -0.17116       -0.195994        -0.249708     -0.769173   \n",
       "1      0.277735       -0.17116       -0.195994        -0.249708     -0.399623   \n",
       "2     -0.069224       -0.17116       -0.195994        -0.249708     -0.030074   \n",
       "3      0.884913       -0.17116       -0.195994        -0.249708     -0.030074   \n",
       "4     -0.849881       -0.17116       -0.195994         7.344876     -0.584398   \n",
       "...         ...            ...             ...              ...           ...   \n",
       "16639 -1.110101       -0.17116       -0.195994        -0.249708     -0.769173   \n",
       "16640 -0.329443       -0.17116       -0.195994        -0.249708     -0.769173   \n",
       "16641 -0.329443       -0.17116       -0.195994        -0.249708     -0.769173   \n",
       "16642 -0.936621       -0.17116       -0.195994        -0.249708     -0.399623   \n",
       "16643 -0.936621       -0.17116       -0.195994        -0.249708     -0.399623   \n",
       "\n",
       "       days_b_screening_arrest  c_days_from_compas       end  sex  age_cat  \\\n",
       "0                    -0.067721           -0.155864  0.360236  1.0      0.0   \n",
       "1                    -0.067721           -0.155864 -1.493342  0.0      0.0   \n",
       "2                    -0.744908            0.051069  1.034535  1.0      0.0   \n",
       "3                    -0.190846           -0.118240  0.366177  0.0      0.0   \n",
       "4                    -0.350908           -0.069329  1.287026  0.0      2.0   \n",
       "...                        ...                 ...       ...  ...      ...   \n",
       "16639                -0.067721           -0.155864  1.319701  1.0      2.0   \n",
       "16640                -0.067721           -0.155864 -0.245741  1.0      0.0   \n",
       "16641                -0.067721           -0.155864  0.235476  1.0      0.0   \n",
       "16642                -0.080033           -0.152102 -1.053711  0.0      2.0   \n",
       "16643                -0.080033           -0.152102  0.083982  0.0      2.0   \n",
       "\n",
       "       race  c_charge_degree  decile_score.1  score_text  \\\n",
       "0       0.0              3.0             3.0         1.0   \n",
       "1       2.0              2.0             4.0         2.0   \n",
       "2       2.0              6.0             5.0         2.0   \n",
       "3       2.0              2.0             3.0         1.0   \n",
       "4       2.0              7.0             3.0         1.0   \n",
       "...     ...              ...             ...         ...   \n",
       "16639   2.0              7.0             5.0         2.0   \n",
       "16640   0.0              7.0             1.0         1.0   \n",
       "16641   0.0              7.0             1.0         1.0   \n",
       "16642   3.0              3.0             3.0         1.0   \n",
       "16643   3.0              3.0             3.0         1.0   \n",
       "\n",
       "       v_type_of_assessment  v_decile_score  v_score_text  is_recid  \n",
       "0                       0.0             3.0           1.0         0  \n",
       "1                       0.0             1.0           1.0         0  \n",
       "2                       0.0             4.0           2.0         0  \n",
       "3                       0.0             1.0           1.0         0  \n",
       "4                       0.0             3.0           1.0         0  \n",
       "...                     ...             ...           ...       ...  \n",
       "16639                   0.0             6.0           2.0         1  \n",
       "16640                   0.0             1.0           1.0         1  \n",
       "16641                   0.0             1.0           1.0         1  \n",
       "16642                   0.0             3.0           1.0         1  \n",
       "16643                   0.0             3.0           1.0         1  \n",
       "\n",
       "[16644 rows x 18 columns]"
      ]
     },
     "execution_count": 2,
     "metadata": {},
     "output_type": "execute_result"
    }
   ],
   "source": [
    "# get feature from csv\n",
    "# RAW_data = pd.read_csv('data/adult.csv')\n",
    "# CAT = ['workclass','education','marital-status','occupation','relationship','race','gender','native-country']\n",
    "# NUM = ['age','fnlwgt','educational-num','capital-gain','capital-loss','hours-per-week']\n",
    "# LABEL = 'income'\n",
    "RAW_data = pd.read_csv('data/compass_old.csv')\n",
    "CAT=['sex','age_cat','race','c_charge_degree','decile_score.1','score_text','v_type_of_assessment','v_decile_score','v_score_text']\n",
    "NUM=['age','juv_fel_count','juv_misd_count','juv_other_count','priors_count','days_b_screening_arrest','c_days_from_compas','end']\n",
    "LABEL = 'is_recid'\n",
    "# convert categorical data to ordinal data\n",
    "from sklearn.preprocessing import OrdinalEncoder\n",
    "enc = OrdinalEncoder()\n",
    "data_pd = RAW_data.copy()\n",
    "data_pd[CAT] = enc.fit_transform(RAW_data[CAT])\n",
    "# data_pd = pd.get_dummies(RAW_data, columns=CAT, dtype=float)\n",
    "# label to category\n",
    "data_pd[LABEL] = data_pd[LABEL].astype('category').cat.codes\n",
    "\n",
    "# realign data to num + cat\n",
    "data_pd = data_pd[NUM + CAT + [LABEL]]\n",
    "\n",
    "# caculate unique value of each categorical feature\n",
    "cat_num = [len(data_pd[col].unique()) for col in CAT]\n",
    "\n",
    "# normalize numerical data\n",
    "from sklearn.preprocessing import StandardScaler\n",
    "scaler = StandardScaler()\n",
    "data_pd[NUM] = scaler.fit_transform(data_pd[NUM])\n",
    "\n",
    "# convert data to tensor\n",
    "x = torch.tensor(data_pd.drop(columns=[LABEL]).values, dtype=torch.float, device=DEVICE)  # [48842, 108]\n",
    "y = torch.tensor(data_pd[LABEL].values, dtype=torch.long, device=DEVICE) # [48842]\n",
    "print(x.shape, y.shape)\n",
    "print(cat_num)\n",
    "data_pd"
   ]
  },
  {
   "cell_type": "code",
   "execution_count": 3,
   "metadata": {},
   "outputs": [],
   "source": [
    "class feature_improtance_extractor():\n",
    "    def __init__(self):\n",
    "        self.feature_importance = []\n",
    "        self.iter = 0\n",
    "        pass\n",
    "    def update(self, new_feature_importance):\n",
    "        if self.iter == 0:\n",
    "            self.feature_importance = new_feature_importance\n",
    "        else:\n",
    "            self.feature_importance += new_feature_importance\n",
    "        self.iter += 1\n",
    "        return\n",
    "    \n",
    "    def get(self):\n",
    "        return (self.feature_importance / self.iter)\n",
    "    \n",
    "    def reset(self):\n",
    "        self.feature_importance = []\n",
    "        self.iter = 0\n",
    "        return\n",
    "extractor = feature_improtance_extractor()"
   ]
  },
  {
   "cell_type": "code",
   "execution_count": 21,
   "metadata": {},
   "outputs": [],
   "source": [
    "class K_graph(torch.nn.Module):\n",
    "    def __init__(self, NUM, CAT, LABEL, cat_num):\n",
    "        super(K_graph, self).__init__()\n",
    "        '''\n",
    "        num_cols: number of numerical columns\n",
    "        cat_cols: number of categorical columns\n",
    "        label_cols: number of label columns\n",
    "        cat_num: number of unique value of each categorical columns\n",
    "        '''\n",
    "        self.hidden_dim = 128\n",
    "        # order: num -> cat -> label\n",
    "        self.num_cols = len(NUM)\n",
    "        self.cat_cols = len(CAT)\n",
    "        self.label_cols = len(LABEL)\n",
    "        self.number_of_columns = self.num_cols + self.cat_cols \n",
    "        self.K = round(self.number_of_columns*0.5)\n",
    "        \n",
    "        # numerical feature\n",
    "        self.num_embeddings = torch.nn.ModuleList([torch.nn.Linear(1, self.hidden_dim) for i in range(self.num_cols)])\n",
    "        # categorical feature\n",
    "        self.cat_embeddings = torch.nn.ModuleList([torch.nn.Embedding(cat_num[i], self.hidden_dim) for i in range(self.cat_cols)])\n",
    "        \n",
    "        self.prediction = torch.nn.Sequential(\n",
    "            torch.nn.Linear(self.hidden_dim *( self.K + self.number_of_columns), self.hidden_dim),\n",
    "            torch.nn.ReLU(),\n",
    "            torch.nn.LayerNorm(self.hidden_dim),\n",
    "            torch.nn.Linear(self.hidden_dim, self.label_cols + 1)\n",
    "        )\n",
    "        \n",
    "        # feature importance learning\n",
    "        self.feature_importance_learners = torch.nn.Sequential(\n",
    "            torch.nn.Linear(self.hidden_dim, self.hidden_dim),\n",
    "            torch.nn.ReLU(),\n",
    "            torch.nn.LayerNorm(self.hidden_dim),\n",
    "            torch.nn.Dropout(p=0.5),\n",
    "            torch.nn.Linear(self.hidden_dim, 1),\n",
    "        ) \n",
    "        \n",
    "        # graph convolution layers\n",
    "        self.conv_GCN_input = torch_geometric.nn.GCNConv(self.number_of_columns*self.hidden_dim, self.hidden_dim)\n",
    "        # self.conv_GCN_input = torch_geometric.nn.GCNConv(self.hidden_dim, self.hidden_dim)\n",
    "        # self.conv_1_input = torch_geometric.nn.GATConv(self.number_of_columns*self.hidden_dim, self.hidden_dim)\n",
    "        self.conv_GCN_2 = torch_geometric.nn.GCNConv(self.hidden_dim, self.hidden_dim)\n",
    "        \n",
    "        # self.transform = torch.nn.Linear(self.number_of_columns*self.hidden_dim, self.hidden_dim)\n",
    "        \n",
    "    def forward(self, input_data, epoch = -1):\n",
    "        \n",
    "        # make feature embedding\n",
    "        num_data = input_data[:,:self.num_cols].unsqueeze(-1).unsqueeze(-1) \n",
    "        feature_embedding_num = torch.cat([self.num_embeddings[i](num_data[:,i]) for i in range(self.num_cols)], dim=1).reshape(len(input_data), -1) # [batch_size, num_cols * hidden_dim]\n",
    "        feature_embedding_num = torch.nn.ReLU()(feature_embedding_num)\n",
    "        feature_embedding_num = torch.layer_norm(feature_embedding_num, feature_embedding_num.shape)\n",
    "        # categorical feature\n",
    "        feature_embedding_cat = torch.cat([self.cat_embeddings[i](input_data[:,self.num_cols+i].long()) for i in range(self.cat_cols)], dim=1) # [batch_size, cat_cols * hidden_dim]\n",
    "        feature_embedding_cat = torch.layer_norm(feature_embedding_cat, feature_embedding_cat.shape)\n",
    "        # concat\n",
    "        feature_embedding = torch.cat((feature_embedding_num, feature_embedding_cat), dim=1) # [batch_size, (num_cols + cat_cols) * hidden_dim]\n",
    "        # feature_embedding = feature_embedding.reshape((len(input_data), self.number_of_columns, -1)) # [batch_size, (num_cols + cat_cols), hidden_dim]\n",
    "        \n",
    "        # feature importance learning\n",
    "        feature_importance = torch.cat([self.feature_importance_learners(feature_embedding[:,i*self.hidden_dim:(i+1)*self.hidden_dim]) for i in range(self.number_of_columns)], dim=1) # [batch_size, num_cols + cat_cols, 1]\n",
    "        # print(feature_importance)\n",
    "        feature_importance = torch.layer_norm(feature_importance, feature_importance.shape)\n",
    "        # feature_importance = torch.softmax(feature_importance, dim=1) # [batch_size, num_cols + cat_cols, 1]\n",
    "        # print(feature_importance.shape)\n",
    "        # print(feature_importance.sum(dim=1))\n",
    "        # print(feature_importance)\n",
    "        \n",
    "        # weighted feature embedding \n",
    "        feature_embedding = feature_embedding.reshape((len(input_data),self.number_of_columns, -1)) * feature_importance.unsqueeze(-1) # [batch_size, (num_cols + cat_cols) * hidden_dim]\n",
    "        feature_embedding = feature_embedding.reshape((len(input_data), -1)) # [batch_size, (num_cols + cat_cols) * hidden_dim]\n",
    "        \n",
    "        # top K feature importance\n",
    "        K = self.K\n",
    "        value, indices = torch.topk(feature_importance, K) # (value: [batch_size, k], indices: [batch_size, k])\n",
    "        mask = torch.zeros_like(feature_importance, device=DEVICE)\n",
    "        mask.scatter_(1, indices, 1)\n",
    "        # importance_topK = torch.where(mask > 0, feature_importance, torch.zeros(feature_importance.shape,device=DEVICE)) # [batch_size, cols]\n",
    "        importance_topK = torch.where(mask > 0, feature_importance, torch.empty(feature_importance.shape,device=DEVICE).fill_(-1e9)) # [batch_size, cols]\n",
    "        importance_topK = torch.softmax(importance_topK, dim=1) # [batch_size, cols]\n",
    "        # importance_topK = torch.stack([importance_topK.clone() for _ in range(self.number_of_columns)], dim=0) # [cols, batch_size, cols]\n",
    "        \n",
    "        extractor.update(feature_importance.sum(dim=0)/len(input_data))\n",
    "        del feature_embedding_num, feature_embedding_cat, num_data\n",
    "        del mask, feature_importance, value, indices\n",
    "        \n",
    "        \n",
    "        processed_data = []\n",
    "        processed_indices = []\n",
    "        for target_col in range(self.number_of_columns):\n",
    "            importance_topK_current = importance_topK.clone()# [batch_size, cols] \n",
    "            indices = importance_topK_current.T[target_col].nonzero().T[0] # selected samples' indices  \n",
    "            \n",
    "            if indices.shape[0] == 0:\n",
    "                continue\n",
    "            \n",
    "            importance_topK_current = importance_topK_current[importance_topK_current.T[target_col]>0]# [????, cols]\n",
    "            \n",
    "            # for target column, set its importance to 0. so that it will not be fully connected graph\n",
    "            # copy target column\n",
    "            tmp = torch.clone(importance_topK_current[:,target_col]) # [????], save for future weighted sum\n",
    "            importance_topK_current[:,target_col] = 0 # [????, cols]\n",
    "            # multiply to get weighted adj\n",
    "            weighted_adj = torch.matmul(importance_topK_current, importance_topK_current.T) # [batch_size, cols] * [cols, batch_size] = [batch_size, batch_size]\n",
    "            # prune the diagonal\n",
    "            weighted_adj = weighted_adj - torch.diag(weighted_adj.diagonal())\n",
    "\n",
    "            # construct graph\n",
    "            edge_index = weighted_adj.nonzero().T  # [2, num_edges]\n",
    "            edge_wight = weighted_adj[edge_index[0], edge_index[1]] # [num_edges]\n",
    "            edge_wight = torch.softmax(edge_wight, dim=0)\n",
    "\n",
    "            \n",
    "            if False:\n",
    "                print('in graph', target_col, 'nodes:', len(indices), 'edges:', len(edge_wight),'ratio', len(edge_wight)/(len(indices)**2+0.000001))\n",
    "            \n",
    "            # print(edge_wight)\n",
    "            # importance_topK_current[:,target_col] = tmp # [????, cols]\n",
    "            \n",
    "            features = (feature_embedding[indices]) # [????, cols*hidden_dim]\n",
    "            # features = (feature_embedding.reshape(len(input_data),self.number_of_columns,-1)[indices][:,target_col,:]) # [????, hidden_dim]\n",
    "            # print(features.shape)\n",
    "\n",
    "            # construct graph \n",
    "            data = Data(x=features, edge_index=edge_index, edge_weight=edge_wight, indices=indices) \n",
    "            \n",
    "            del features, edge_index, edge_wight, weighted_adj, importance_topK_current, tmp\n",
    "            \n",
    "            # apply GCN\n",
    "            x = self.conv_GCN_input(data.x, data.edge_index, data.edge_weight)  # [???, hidden_dim]\n",
    "            # x = self.conv_1_input(data.x, data.edge_index)  # [???, hidden_dim]\n",
    "            x = torch.relu(x)\n",
    "            x = torch.layer_norm(x, x.shape) # [???, hidden_dim]\n",
    "            x = torch.nn.Dropout(p=0.5)(x)\n",
    "            x = self.conv_GCN_2(x, data.edge_index, data.edge_weight)  # [???, hidden_dim]\n",
    "            x = torch.relu(x)\n",
    "            x = torch.layer_norm(x, x.shape)\n",
    "\n",
    "            processed_data.append(x)\n",
    "            processed_indices.append(indices)\n",
    "        \n",
    "        processed_data = torch.cat(processed_data, dim=0) \n",
    "        processed_indices = torch.cat(processed_indices, dim=0)\n",
    "        # print(processed_indices)\n",
    "        # print(processed_indices.argsort())\n",
    "        # print(processed_indices[processed_indices.argsort()])\n",
    "        processed_data = processed_data[processed_indices.argsort()] # ???????\n",
    "        processed_data = torch.split(processed_data, self.K) # ?????????\n",
    "        processed_data = torch.stack(list(processed_data), dim=0) # ???????????\n",
    "        # processed_data = torch.sum(list(processed_data), dim=0) # ???????????\n",
    "\n",
    "        # cat residual\n",
    "        processed_data = torch.cat((processed_data, feature_embedding.reshape((len(input_data),self.number_of_columns,-1))), dim=1) # [batch_size, K+cols , hidden_dim]\n",
    "        \n",
    "        # make prediction\n",
    "        prediction = self.prediction(processed_data.reshape(processed_data.shape[0],-1))\n",
    "        # prediction = self.prediction(feature_embedding)\n",
    "        \n",
    "        \n",
    "        return prediction\n"
   ]
  },
  {
   "cell_type": "code",
   "execution_count": 22,
   "metadata": {},
   "outputs": [
    {
     "name": "stdout",
     "output_type": "stream",
     "text": [
      "tensor([[0.0000, 0.0636],\n",
      "        [0.0636, 0.0000]], device='cuda:0', grad_fn=<SubBackward0>)\n",
      "tensor([[0.0000, 0.0364, 0.0268],\n",
      "        [0.0364, 0.0000, 0.0643],\n",
      "        [0.0268, 0.0643, 0.0000]], device='cuda:0', grad_fn=<SubBackward0>)\n",
      "tensor([[0.0000, 0.0533, 0.0912, 0.0317, 0.0592],\n",
      "        [0.0533, 0.0000, 0.0367, 0.0309, 0.0895],\n",
      "        [0.0912, 0.0367, 0.0000, 0.0864, 0.0430],\n",
      "        [0.0317, 0.0309, 0.0864, 0.0000, 0.0289],\n",
      "        [0.0592, 0.0895, 0.0430, 0.0289, 0.0000]], device='cuda:0',\n",
      "       grad_fn=<SubBackward0>)\n",
      "tensor([[0.0000, 0.0363, 0.0942],\n",
      "        [0.0363, 0.0000, 0.0860],\n",
      "        [0.0942, 0.0860, 0.0000]], device='cuda:0', grad_fn=<SubBackward0>)\n",
      "tensor([[0.]], device='cuda:0', grad_fn=<SubBackward0>)\n",
      "tensor([[0.]], device='cuda:0', grad_fn=<SubBackward0>)\n",
      "tensor([[0.0000, 0.0268, 0.0362],\n",
      "        [0.0268, 0.0000, 0.0934],\n",
      "        [0.0362, 0.0934, 0.0000]], device='cuda:0', grad_fn=<SubBackward0>)\n",
      "tensor([[0.0000, 0.0987],\n",
      "        [0.0987, 0.0000]], device='cuda:0', grad_fn=<SubBackward0>)\n",
      "tensor([[0.0000, 0.0550, 0.1056, 0.0999],\n",
      "        [0.0550, 0.0000, 0.0281, 0.0865],\n",
      "        [0.1056, 0.0281, 0.0000, 0.0584],\n",
      "        [0.0999, 0.0865, 0.0584, 0.0000]], device='cuda:0',\n",
      "       grad_fn=<SubBackward0>)\n",
      "tensor([[0.0000, 0.0571, 0.0597, 0.0932],\n",
      "        [0.0571, 0.0000, 0.0348, 0.0929],\n",
      "        [0.0597, 0.0348, 0.0000, 0.0608],\n",
      "        [0.0932, 0.0929, 0.0608, 0.0000]], device='cuda:0',\n",
      "       grad_fn=<SubBackward0>)\n",
      "tensor([[0.]], device='cuda:0', grad_fn=<SubBackward0>)\n",
      "tensor([[0.0000, 0.0552, 0.0923],\n",
      "        [0.0552, 0.0000, 0.0533],\n",
      "        [0.0923, 0.0533, 0.0000]], device='cuda:0', grad_fn=<SubBackward0>)\n",
      "tensor([[0.0000, 0.0743, 0.0426, 0.0807],\n",
      "        [0.0743, 0.0000, 0.0735, 0.0358],\n",
      "        [0.0426, 0.0735, 0.0000, 0.0506],\n",
      "        [0.0807, 0.0358, 0.0506, 0.0000]], device='cuda:0',\n",
      "       grad_fn=<SubBackward0>)\n",
      "tensor([[0.0000, 0.0641],\n",
      "        [0.0641, 0.0000]], device='cuda:0', grad_fn=<SubBackward0>)\n",
      "tensor([[0.0000, 0.0967],\n",
      "        [0.0967, 0.0000]], device='cuda:0', grad_fn=<SubBackward0>)\n",
      "-----------------------------------------\n",
      "tensor([[0.0000, 0.1142, 0.0922, 0.1309],\n",
      "        [0.1142, 0.0000, 0.1240, 0.1448],\n",
      "        [0.0922, 0.1240, 0.0000, 0.0913],\n",
      "        [0.1309, 0.1448, 0.0913, 0.0000]], device='cuda:0',\n",
      "       grad_fn=<SubBackward0>)\n",
      "tensor([[0.0000, 0.1034, 0.0666, 0.0738, 0.1194],\n",
      "        [0.1034, 0.0000, 0.0982, 0.0765, 0.1322],\n",
      "        [0.0666, 0.0982, 0.0000, 0.0543, 0.0631],\n",
      "        [0.0738, 0.0765, 0.0543, 0.0000, 0.0861],\n",
      "        [0.1194, 0.1322, 0.0631, 0.0861, 0.0000]], device='cuda:0',\n",
      "       grad_fn=<SubBackward0>)\n",
      "tensor([[0.0000, 0.1385],\n",
      "        [0.1385, 0.0000]], device='cuda:0', grad_fn=<SubBackward0>)\n",
      "tensor([[0.0000, 0.0928],\n",
      "        [0.0928, 0.0000]], device='cuda:0', grad_fn=<SubBackward0>)\n",
      "tensor([[0.]], device='cuda:0', grad_fn=<SubBackward0>)\n",
      "tensor([[0.0000, 0.1135, 0.1324],\n",
      "        [0.1135, 0.0000, 0.1276],\n",
      "        [0.1324, 0.1276, 0.0000]], device='cuda:0', grad_fn=<SubBackward0>)\n",
      "tensor([[0.0000, 0.1126, 0.1179, 0.1202],\n",
      "        [0.1126, 0.0000, 0.1167, 0.1339],\n",
      "        [0.1179, 0.1167, 0.0000, 0.1240],\n",
      "        [0.1202, 0.1339, 0.1240, 0.0000]], device='cuda:0',\n",
      "       grad_fn=<SubBackward0>)\n",
      "tensor([[0.0000, 0.1081, 0.0778, 0.1155, 0.1316],\n",
      "        [0.1081, 0.0000, 0.0794, 0.1035, 0.1358],\n",
      "        [0.0778, 0.0794, 0.0000, 0.1121, 0.0723],\n",
      "        [0.1155, 0.1035, 0.1121, 0.0000, 0.1267],\n",
      "        [0.1316, 0.1358, 0.0723, 0.1267, 0.0000]], device='cuda:0',\n",
      "       grad_fn=<SubBackward0>)\n",
      "tensor([[0.]], device='cuda:0', grad_fn=<SubBackward0>)\n",
      "tensor([[0.0000, 0.1151],\n",
      "        [0.1151, 0.0000]], device='cuda:0', grad_fn=<SubBackward0>)\n",
      "tensor([[0.0000, 0.0484, 0.0730, 0.0794, 0.0603],\n",
      "        [0.0484, 0.0000, 0.0993, 0.0738, 0.0654],\n",
      "        [0.0730, 0.0993, 0.0000, 0.1284, 0.0649],\n",
      "        [0.0794, 0.0738, 0.1284, 0.0000, 0.0841],\n",
      "        [0.0603, 0.0654, 0.0649, 0.0841, 0.0000]], device='cuda:0',\n",
      "       grad_fn=<SubBackward0>)\n",
      "tensor([[0.0000, 0.1119, 0.0972, 0.1180, 0.1288],\n",
      "        [0.1119, 0.0000, 0.1254, 0.1154, 0.1392],\n",
      "        [0.0972, 0.1254, 0.0000, 0.1443, 0.0930],\n",
      "        [0.1180, 0.1154, 0.1443, 0.0000, 0.1290],\n",
      "        [0.1288, 0.1392, 0.0930, 0.1290, 0.0000]], device='cuda:0',\n",
      "       grad_fn=<SubBackward0>)\n",
      "tensor([[0.]], device='cuda:0', grad_fn=<SubBackward0>)\n",
      "-----------------------------------------\n",
      "tensor([[0.]], device='cuda:0', grad_fn=<SubBackward0>)\n",
      "tensor([[0.0000, 0.0969],\n",
      "        [0.0969, 0.0000]], device='cuda:0', grad_fn=<SubBackward0>)\n",
      "tensor([[0.0000, 0.0590, 0.1293, 0.1363, 0.1633],\n",
      "        [0.0590, 0.0000, 0.0695, 0.1008, 0.0799],\n",
      "        [0.1293, 0.0695, 0.0000, 0.1166, 0.1444],\n",
      "        [0.1363, 0.1008, 0.1166, 0.0000, 0.1573],\n",
      "        [0.1633, 0.0799, 0.1444, 0.1573, 0.0000]], device='cuda:0',\n",
      "       grad_fn=<SubBackward0>)\n",
      "tensor([[0.0000, 0.0515, 0.1299, 0.1226, 0.1590],\n",
      "        [0.0515, 0.0000, 0.0678, 0.0695, 0.0696],\n",
      "        [0.1299, 0.0678, 0.0000, 0.1038, 0.1425],\n",
      "        [0.1226, 0.0695, 0.1038, 0.0000, 0.1404],\n",
      "        [0.1590, 0.0696, 0.1425, 0.1404, 0.0000]], device='cuda:0',\n",
      "       grad_fn=<SubBackward0>)\n",
      "tensor([[0.]], device='cuda:0', grad_fn=<SubBackward0>)\n",
      "tensor([[0.0000, 0.1095],\n",
      "        [0.1095, 0.0000]], device='cuda:0', grad_fn=<SubBackward0>)\n",
      "tensor([[0.]], device='cuda:0', grad_fn=<SubBackward0>)\n",
      "tensor([[0.]], device='cuda:0', grad_fn=<SubBackward0>)\n",
      "tensor([[0.0000, 0.0805, 0.0771],\n",
      "        [0.0805, 0.0000, 0.1476],\n",
      "        [0.0771, 0.1476, 0.0000]], device='cuda:0', grad_fn=<SubBackward0>)\n",
      "tensor([[0.0000, 0.0623, 0.1360, 0.1619],\n",
      "        [0.0623, 0.0000, 0.0849, 0.0802],\n",
      "        [0.1360, 0.0849, 0.0000, 0.1478],\n",
      "        [0.1619, 0.0802, 0.1478, 0.0000]], device='cuda:0',\n",
      "       grad_fn=<SubBackward0>)\n",
      "tensor([[0.]], device='cuda:0', grad_fn=<SubBackward0>)\n",
      "tensor([[0.0000, 0.1373, 0.1375, 0.1628],\n",
      "        [0.1373, 0.0000, 0.1303, 0.1515],\n",
      "        [0.1375, 0.1303, 0.0000, 0.1582],\n",
      "        [0.1628, 0.1515, 0.1582, 0.0000]], device='cuda:0',\n",
      "       grad_fn=<SubBackward0>)\n",
      "tensor([[0.0000, 0.0296, 0.0533, 0.0331, 0.0292],\n",
      "        [0.0296, 0.0000, 0.0634, 0.0784, 0.0431],\n",
      "        [0.0533, 0.0634, 0.0000, 0.0526, 0.0521],\n",
      "        [0.0331, 0.0784, 0.0526, 0.0000, 0.0344],\n",
      "        [0.0292, 0.0431, 0.0521, 0.0344, 0.0000]], device='cuda:0',\n",
      "       grad_fn=<SubBackward0>)\n",
      "tensor([[0.0000, 0.1318, 0.1604],\n",
      "        [0.1318, 0.0000, 0.1430],\n",
      "        [0.1604, 0.1430, 0.0000]], device='cuda:0', grad_fn=<SubBackward0>)\n",
      "tensor([[0.0000, 0.1278],\n",
      "        [0.1278, 0.0000]], device='cuda:0', grad_fn=<SubBackward0>)\n",
      "-----------------------------------------\n",
      "tensor([[0.0000, 0.1081],\n",
      "        [0.1081, 0.0000]], device='cuda:0', grad_fn=<SubBackward0>)\n",
      "tensor([[0.0000, 0.0894],\n",
      "        [0.0894, 0.0000]], device='cuda:0', grad_fn=<SubBackward0>)\n",
      "tensor([[0.0000, 0.1101, 0.0706, 0.1807, 0.1602],\n",
      "        [0.1101, 0.0000, 0.0551, 0.1214, 0.0956],\n",
      "        [0.0706, 0.0551, 0.0000, 0.0622, 0.0516],\n",
      "        [0.1807, 0.1214, 0.0622, 0.0000, 0.1675],\n",
      "        [0.1602, 0.0956, 0.0516, 0.1675, 0.0000]], device='cuda:0',\n",
      "       grad_fn=<SubBackward0>)\n",
      "tensor([[0.0000, 0.0255, 0.0397, 0.0787, 0.0822],\n",
      "        [0.0255, 0.0000, 0.0564, 0.0728, 0.0585],\n",
      "        [0.0397, 0.0564, 0.0000, 0.0739, 0.0613],\n",
      "        [0.0787, 0.0728, 0.0739, 0.0000, 0.1237],\n",
      "        [0.0822, 0.0585, 0.0613, 0.1237, 0.0000]], device='cuda:0',\n",
      "       grad_fn=<SubBackward0>)\n",
      "tensor([[0.0000, 0.1552],\n",
      "        [0.1552, 0.0000]], device='cuda:0', grad_fn=<SubBackward0>)\n",
      "tensor([[0.]], device='cuda:0', grad_fn=<SubBackward0>)\n",
      "tensor([[0.0000, 0.1801],\n",
      "        [0.1801, 0.0000]], device='cuda:0', grad_fn=<SubBackward0>)\n",
      "tensor([[0.]], device='cuda:0', grad_fn=<SubBackward0>)\n",
      "tensor([[0.]], device='cuda:0', grad_fn=<SubBackward0>)\n",
      "tensor([[0.0000, 0.0825],\n",
      "        [0.0825, 0.0000]], device='cuda:0', grad_fn=<SubBackward0>)\n",
      "tensor([[0.0000, 0.0650, 0.1127],\n",
      "        [0.0650, 0.0000, 0.1009],\n",
      "        [0.1127, 0.1009, 0.0000]], device='cuda:0', grad_fn=<SubBackward0>)\n",
      "tensor([[0.]], device='cuda:0', grad_fn=<SubBackward0>)\n",
      "tensor([[0.0000, 0.0775, 0.1149, 0.0931],\n",
      "        [0.0775, 0.0000, 0.1023, 0.0838],\n",
      "        [0.1149, 0.1023, 0.0000, 0.1690],\n",
      "        [0.0931, 0.0838, 0.1690, 0.0000]], device='cuda:0',\n",
      "       grad_fn=<SubBackward0>)\n",
      "tensor([[0.0000, 0.0931, 0.0761, 0.1129, 0.0910],\n",
      "        [0.0931, 0.0000, 0.0768, 0.0993, 0.0724],\n",
      "        [0.0761, 0.0768, 0.0000, 0.0839, 0.0636],\n",
      "        [0.1129, 0.0993, 0.0839, 0.0000, 0.0737],\n",
      "        [0.0910, 0.0724, 0.0636, 0.0737, 0.0000]], device='cuda:0',\n",
      "       grad_fn=<SubBackward0>)\n",
      "tensor([[0.0000, 0.1078, 0.0767],\n",
      "        [0.1078, 0.0000, 0.1581],\n",
      "        [0.0767, 0.1581, 0.0000]], device='cuda:0', grad_fn=<SubBackward0>)\n",
      "tensor([[0.]], device='cuda:0', grad_fn=<SubBackward0>)\n",
      "-----------------------------------------\n",
      "tensor([[0.0000, 0.0916, 0.0741],\n",
      "        [0.0916, 0.0000, 0.1010],\n",
      "        [0.0741, 0.1010, 0.0000]], device='cuda:0', grad_fn=<SubBackward0>)\n",
      "tensor([[0.0000, 0.1367, 0.1271, 0.0731, 0.0665],\n",
      "        [0.1367, 0.0000, 0.1439, 0.1002, 0.1072],\n",
      "        [0.1271, 0.1439, 0.0000, 0.0987, 0.1235],\n",
      "        [0.0731, 0.1002, 0.0987, 0.0000, 0.0848],\n",
      "        [0.0665, 0.1072, 0.1235, 0.0848, 0.0000]], device='cuda:0',\n",
      "       grad_fn=<SubBackward0>)\n",
      "tensor([[0.0000, 0.1057, 0.0382, 0.0577, 0.0412],\n",
      "        [0.1057, 0.0000, 0.0849, 0.0813, 0.0871],\n",
      "        [0.0382, 0.0849, 0.0000, 0.0443, 0.0655],\n",
      "        [0.0577, 0.0813, 0.0443, 0.0000, 0.0774],\n",
      "        [0.0412, 0.0871, 0.0655, 0.0774, 0.0000]], device='cuda:0',\n",
      "       grad_fn=<SubBackward0>)\n",
